1
25
50
75
100
125
150
175
200
225
250
275
300
325
350
375
400
425
450
475
500
525
550
575
600
625
650
675
700
725
750
775
800
825
850
875
900
925
950
975
1000
elapsed:  3556.4  seconds
1025
1050
1075
1100
1125
1150
1175
1200
1225
1250
1275
1300
1325
1350
1375
1400
1425
1450
1475
1500
1525
1550
1575
1600
1625
1650
1675
1700
1725
1750
1775
1800
1825
1850
1875
1900
1925
1950
1975
2000
elapsed:  7040.5  seconds
2025
2050
2075
2100
2125
2150
2175
2200
2225
2250
2275
2300
2325
2350
2375
2400
2425
2450
2475
2500
2525
2550
2575
2600
2625
2650
2675
2700
2725
2750
2775
2800
2825
2850
2875
2900
2925
2950
2975
3000
elapsed:  10539.9  seconds
3025
3050
3075
3100
3125
3150
3175
3200
3225
3250
3275
3300
3325
3350
3375
3400
3425
3450
3475
3500
3525
3550
3575
3600
3625
3650
3675
3700
3725
3750
3775
3800
3825
3850
3875
3900
3925
3950
3975
4000
elapsed:  13906.3  seconds
4025
4050
4075
4100
4125
4150
4175
4200
4225
4250
4275
4300
4325
4350
4375
4400
4425
4450
4475
4500
4525
4550
4575
4600
4625
4650
4675
4700
4725
4750
4775
4800
4825
4850
4875
4900
4925
4950
4975
5000
elapsed:  17228.3  seconds
5025
5050
5075
5100
5125
5150
5175
5200
5225
5250
5275
5300
5325
5350
5375
5400
5425
5450
5475
5500
5525
5550
5575
5600
5625
5650
5675
5700
5725
5750
5775
5800
5825
5850
5875
5900
5925
5950
5975
6000
elapsed:  20719.6  seconds
6025
6050
6075
6100
6125
6150
6175
6200
6225
6250
6275
6300
6325
6350
6375
6400
6425
6450
6475
6500
6525
6550
6575
6600
6625
6650
6675
6700
6725
6750
6775
6800
6825
6850
6875
6900
6925
6950
6975
7000
elapsed:  24085.4  seconds
7025
7050
7075
7100
7125
7150
7175
7200
7225
7250
7275
7300
7325
7350
7375
7400
7425
7450
7475
7500
7525
7550
7575
7600
7625
7650
7675
7700
7725
7750
7775
7800
7825
7850
7875
7900
7925
7950
7975
8000
elapsed:  27431.0  seconds
8025
8050
8075
8100
8125
8150
8175
8200
8225
8250
8275
8300
8325
8350
8375
8400
8425
8450
8475
8500
8525
8550
8575
8600
8625
8650
8675
8700
8725
8750
8775
8800
8825
8850
8875
8900
8925
8950
8975
9000
elapsed:  30852.9  seconds
9025
9050
9075
9100
9125
9150
9175
9200
9225
9250
9275
9300
9325
9350
9375
9400
9425
9450
9475
9500
9525
9550
9575
9600
9625
9650
9675
9700
9725
9750
9775
9800
9825
9850
9875
9900
9925
9950
9975
elapsed:  34342.3  seconds
total time:  34348.0  seconds
true R:  [[1.99256680e-01 1.96138348e+02 4.00507789e+00 2.02872540e+00
  1.14774455e+00 4.92694151e+01 1.46663319e-01 1.98264820e+01
  4.31760533e+00 3.56816860e+00 9.72981470e+00 5.34813735e+00
  7.36012319e-01 7.22568441e+00 1.23142988e+01 5.02857753e-01
  7.80360627e-01 8.58243123e+01 5.08415491e-01 2.46776864e-01
  2.99223920e+03 1.05582711e+02 3.11387644e+00 9.37115475e-02
  1.67161437e+01 3.39960891e-01 2.87777593e-01 6.46007680e-01
  5.71431909e-01 2.39426427e+00 1.31243320e+00 5.64608047e+00]
 [5.14385598e+01 6.17997717e-01 9.95457887e+00 1.70457570e+00
  4.90933581e+00 1.91635525e+00 7.53026570e-01 2.15772080e+00
  1.79733155e+00 1.98579704e+01 2.34281695e-01 5.27219709e+00
  7.45303538e-01 2.91592602e-01 6.64353709e+01 5.15287132e+00
  4.99196141e+01 1.62000637e+00 1.33915698e+01 9.41286713e-01
  3.50824108e-01 5.38405024e-01 1.07744872e-01 7.69644026e+02
  3.18997782e+01 1.40642380e-01 4.85794476e-01 7.45796053e+00
  4.14752629e-01 4.45335643e-02 2.00922943e-01 3.59101181e-01]
 [2.58586950e-01 9.57637842e-01 4.01348949e-01 2.55152862e-01
  7.51261104e+00 1.59418683e+00 4.23815237e+00 4.27682663e+00
  3.17474816e+01 2.65051210e-01 6.59517027e+00 3.92035194e+00
  2.70336665e-01 5.11243569e+00 2.84134323e+00 1.54631351e+01
  1.03916317e-01 9.70063590e-01 1.83078788e+00 3.69926580e-01
  2.27552454e+00 2.38644555e+00 6.94534447e-01 2.84224350e-01
  1.37189592e-01 7.03667599e-01 2.13077516e+00 5.31194367e+00
  1.30667215e+00 7.41060727e+00 6.20347505e+00 1.44728011e-01]
 [1.51715646e-01 6.27255552e+00 1.46250011e+00 1.69646024e+00
  3.75291030e-01 1.20640099e+01 7.65649816e-01 1.80343991e-01
  5.00383311e-01 8.16973475e-02 2.23350311e+00 2.21320955e+00
  3.23084899e+01 1.98357134e-01 4.06827649e-01 1.07783942e+00
  9.70753503e+00 4.83389481e-01 9.86720896e-02 4.91619231e-01
  2.26489951e+00 1.98195184e+04 8.33250574e-01 1.42937810e+05
  5.78318198e+00 3.81674294e-01 3.18055300e-01 1.01247762e+00
  1.11142927e+01 1.70555947e-01 2.19921334e-01 5.73941850e+00]
 [1.17521383e+01 4.17135162e-01 7.69204556e-01 2.41184654e+00
  1.57355215e+01 1.39635506e+01 2.86726558e+00 1.39944383e+00
  1.71785309e-01 1.72377988e+00 3.38976082e+00 1.78580652e-01
  4.47108930e+00 1.26931394e+00 8.91154214e-02 6.24077742e-02
  1.19640047e-01 2.53745427e-01 2.73597473e+00 1.97611362e-01
  6.01189344e-02 8.21849706e-01 1.17866780e-01 4.22526377e-01
  3.15180110e-01 8.21568454e+01 3.06524685e-01 1.41099289e+00
  6.44814601e-01 2.42567074e+01 2.83288092e+00 2.64089463e-01]
 [5.97298916e-01 4.95339962e-01 5.23648281e-01 2.24816240e+01
  6.52733808e-01 3.37968914e-01 1.07164698e+00 4.08572166e-01
  1.23924439e+00 8.48630672e-01 1.94764752e-01 1.19153414e+00
  1.97592049e+01 1.55043491e+00 3.37945547e-01 1.41331520e+00
  9.09029015e-01 1.52630462e+00 1.39316083e+01 1.71361607e+00
  6.22838835e-01 4.67052698e-01 2.02135731e+01 2.63938963e+00
  3.27700538e-01 3.40959175e+00 1.65726248e+00 1.83674707e+00
  9.38315045e-01 4.20936075e+00 2.20314553e+01 5.57424579e-01]
 [2.06417034e-01 5.71527526e+02 6.99152509e+00 3.51986204e-01
  5.36760295e+00 3.59062180e+00 6.45128204e-01 5.93501391e-01
  3.65327777e-01 8.30196891e-01 2.61571883e-01 1.83762587e+02
  4.68892952e-01 1.32432040e+00 6.74995204e-01 2.01445335e-01
  1.31718612e+00 7.60590890e+00 1.07035884e+00 7.14804006e+01
  4.36175341e-01 7.03840526e-01 3.76479298e+01 5.56656084e-01
  2.21864180e+00 8.46702432e+00 3.41950505e-01 1.81252934e+00
  4.51361087e+00 1.03692330e+01 8.61916426e-01 8.16298448e+00]
 [2.67920863e-01 2.64044770e-01 9.41344522e-01 7.13374331e-01
  2.49550421e+00 5.09776468e-01 2.58115286e-01 1.41861390e+00
  1.96708772e-01 3.06998827e-01 4.35518516e-01 4.26565440e+00
  1.53600475e+00 2.63935481e-01 7.62927673e-01 4.12338232e+01
  1.67466978e+01 4.84713528e+00 1.29117862e+00 4.36627735e-01
  1.02334738e+00 2.85748010e-01 1.91328169e+01 2.14058647e+01
  1.99463502e-01 7.67160224e-01 3.52376903e-01 1.06464437e+00
  1.36613723e+00 1.53309453e+00 3.21841686e+00 3.28497536e+00]
 [3.64065773e+00 2.85183790e-01 6.79055353e-01 5.13367145e+00
  4.50684688e+01 2.35639330e-01 3.91297438e+01 2.41716453e-01
  1.72922585e+00 9.32875931e-01 5.99281866e+03 5.09068889e+00
  1.94382458e-01 2.31869597e+00 6.21041145e-01 5.84686215e-01
  1.61992724e-01 7.91549705e-01 4.75270073e-01 3.56343086e-01
  1.00460431e+00 5.44671301e-01 1.40694237e-01 1.70092897e-01
  6.94328349e+00 4.02291645e-01 4.44309659e+00 3.31724612e-01
  9.43048419e-01 1.58108492e-01 2.56081330e+00 3.01642388e-01]]
