1
25
50
75
100
125
150
175
200
225
250
275
300
325
350
375
400
425
450
475
500
525
550
575
600
625
650
675
700
725
750
775
800
825
850
875
900
925
950
975
1000
elapsed:  456.2  seconds
1025
1050
1075
1100
1125
1150
1175
1200
1225
1250
1275
1300
1325
1350
1375
1400
1425
1450
1475
1500
1525
1550
1575
1600
1625
1650
1675
1700
1725
1750
1775
1800
1825
1850
1875
1900
1925
1950
1975
2000
elapsed:  912.7  seconds
2025
2050
2075
2100
2125
2150
2175
2200
2225
2250
2275
2300
2325
2350
2375
2400
2425
2450
2475
2500
2525
2550
2575
2600
2625
2650
2675
2700
2725
2750
2775
2800
2825
2850
2875
2900
2925
2950
2975
3000
elapsed:  1374.5  seconds
3025
3050
3075
3100
3125
3150
3175
3200
3225
3250
3275
3300
3325
3350
3375
3400
3425
3450
3475
3500
3525
3550
3575
3600
3625
3650
3675
3700
3725
3750
3775
3800
3825
3850
3875
3900
3925
3950
3975
4000
elapsed:  1832.1  seconds
4025
4050
4075
4100
4125
4150
4175
4200
4225
4250
4275
4300
4325
4350
4375
4400
4425
4450
4475
4500
4525
4550
4575
4600
4625
4650
4675
4700
4725
4750
4775
4800
4825
4850
4875
4900
4925
4950
4975
5000
elapsed:  2288.0  seconds
5025
5050
5075
5100
5125
5150
5175
5200
5225
5250
5275
5300
5325
5350
5375
5400
5425
5450
5475
5500
5525
5550
5575
5600
5625
5650
5675
5700
5725
5750
5775
5800
5825
5850
5875
5900
5925
5950
5975
6000
elapsed:  2736.6  seconds
6025
6050
6075
6100
6125
6150
6175
6200
6225
6250
6275
6300
6325
6350
6375
6400
6425
6450
6475
6500
6525
6550
6575
6600
6625
6650
6675
6700
6725
6750
6775
6800
6825
6850
6875
6900
6925
6950
6975
7000
elapsed:  3187.0  seconds
7025
7050
7075
7100
7125
7150
7175
7200
7225
7250
7275
7300
7325
7350
7375
7400
7425
7450
7475
7500
7525
7550
7575
7600
7625
7650
7675
7700
7725
7750
7775
7800
7825
7850
7875
7900
7925
7950
7975
8000
elapsed:  3662.0  seconds
8025
8050
8075
8100
8125
8150
8175
8200
8225
8250
8275
8300
8325
8350
8375
8400
8425
8450
8475
8500
8525
8550
8575
8600
8625
8650
8675
8700
8725
8750
8775
8800
8825
8850
8875
8900
8925
8950
8975
9000
elapsed:  4111.2  seconds
9025
9050
9075
9100
9125
9150
9175
9200
9225
9250
9275
9300
9325
9350
9375
9400
9425
9450
9475
9500
9525
9550
9575
9600
9625
9650
9675
9700
9725
9750
9775
9800
9825
9850
9875
9900
9925
9950
9975
10000
elapsed:  4586.6  seconds
10025
10050
10075
10100
10125
10150
10175
10200
10225
10250
10275
10300
10325
10350
10375
10400
10425
10450
10475
10500
10525
10550
10575
10600
10625
10650
10675
10700
10725
10750
10775
10800
10825
10850
10875
10900
10925
10950
10975
11000
elapsed:  5063.0  seconds
11025
11050
11075
11100
11125
11150
11175
11200
11225
11250
11275
11300
11325
11350
11375
11400
11425
11450
11475
11500
11525
11550
11575
11600
11625
11650
11675
11700
11725
11750
11775
11800
11825
11850
11875
11900
11925
11950
11975
12000
elapsed:  5524.4  seconds
12025
12050
12075
12100
12125
12150
12175
12200
12225
12250
12275
12300
12325
12350
12375
12400
12425
12450
12475
12500
12525
12550
12575
12600
12625
12650
12675
12700
12725
12750
12775
12800
12825
12850
12875
12900
12925
12950
12975
13000
elapsed:  5975.7  seconds
13025
13050
13075
13100
13125
13150
13175
13200
13225
13250
13275
13300
13325
13350
13375
13400
13425
13450
13475
13500
13525
13550
13575
13600
13625
13650
13675
13700
13725
13750
13775
13800
13825
13850
13875
13900
13925
13950
13975
14000
elapsed:  6448.3  seconds
14025
14050
14075
14100
14125
14150
14175
14200
14225
14250
14275
14300
14325
14350
14375
14400
14425
14450
14475
14500
14525
14550
14575
14600
14625
14650
14675
14700
14725
14750
14775
14800
14825
14850
14875
14900
14925
14950
14975
15000
elapsed:  6917.6  seconds
15025
15050
15075
15100
15125
15150
15175
15200
15225
15250
15275
15300
15325
15350
15375
15400
15425
15450
15475
15500
15525
15550
15575
15600
15625
15650
15675
15700
15725
15750
15775
15800
15825
15850
15875
15900
15925
15950
15975
16000
elapsed:  7372.6  seconds
16025
16050
16075
16100
16125
16150
16175
16200
16225
16250
16275
16300
16325
16350
16375
16400
16425
16450
16475
16500
16525
16550
16575
16600
16625
16650
16675
16700
16725
16750
16775
16800
16825
16850
16875
16900
16925
16950
16975
17000
elapsed:  7825.7  seconds
17025
17050
17075
17100
17125
17150
17175
17200
17225
17250
17275
17300
17325
17350
17375
17400
17425
17450
17475
17500
17525
17550
17575
17600
17625
17650
17675
17700
17725
17750
17775
17800
17825
17850
17875
17900
17925
17950
17975
18000
elapsed:  8297.3  seconds
18025
18050
18075
18100
18125
18150
18175
18200
18225
18250
18275
18300
18325
18350
18375
18400
18425
18450
18475
18500
18525
18550
18575
18600
18625
18650
18675
18700
18725
18750
18775
18800
18825
18850
18875
18900
18925
18950
18975
19000
elapsed:  8763.3  seconds
19025
19050
19075
19100
19125
19150
19175
19200
19225
19250
19275
19300
19325
19350
19375
19400
19425
19450
19475
19500
19525
19550
19575
19600
19625
19650
19675
19700
19725
19750
19775
19800
19825
19850
19875
19900
19925
19950
19975
20000
elapsed:  9227.4  seconds
20025
20050
20075
20100
20125
20150
20175
20200
20225
20250
20275
20300
20325
20350
20375
20400
20425
20450
20475
20500
20525
20550
20575
20600
20625
20650
20675
20700
20725
20750
20775
20800
20825
20850
20875
20900
20925
20950
20975
21000
elapsed:  9693.6  seconds
21025
21050
21075
21100
21125
21150
21175
21200
21225
21250
21275
21300
21325
21350
21375
21400
21425
21450
21475
21500
21525
21550
21575
21600
21625
21650
21675
21700
21725
21750
21775
21800
21825
21850
21875
21900
21925
21950
21975
22000
elapsed:  10155.8  seconds
22025
22050
22075
22100
22125
22150
22175
22200
22225
22250
22275
22300
22325
22350
22375
22400
22425
22450
22475
22500
22525
22550
22575
22600
22625
22650
22675
22700
22725
22750
22775
22800
22825
22850
22875
22900
22925
22950
22975
23000
elapsed:  10615.4  seconds
23025
23050
23075
23100
23125
23150
23175
23200
23225
23250
23275
23300
23325
23350
23375
23400
23425
23450
23475
23500
23525
23550
23575
23600
23625
23650
23675
23700
23725
23750
23775
23800
23825
23850
23875
23900
23925
23950
23975
24000
elapsed:  11082.0  seconds
24025
24050
24075
24100
24125
24150
24175
24200
24225
24250
24275
24300
24325
24350
24375
24400
24425
24450
24475
24500
24525
24550
24575
24600
24625
24650
24675
24700
24725
24750
24775
24800
24825
24850
24875
24900
24925
24950
24975
25000
elapsed:  11558.1  seconds
25025
25050
25075
25100
25125
25150
25175
25200
25225
25250
25275
25300
25325
25350
25375
25400
25425
25450
25475
25500
25525
25550
25575
25600
25625
25650
25675
25700
25725
25750
25775
25800
25825
25850
25875
25900
25925
25950
25975
26000
elapsed:  12009.2  seconds
26025
26050
26075
26100
26125
26150
26175
26200
26225
26250
26275
26300
26325
26350
26375
26400
26425
26450
26475
26500
26525
26550
26575
26600
26625
26650
26675
26700
26725
26750
26775
26800
26825
26850
26875
26900
26925
26950
26975
27000
elapsed:  12478.7  seconds
27025
27050
27075
27100
27125
27150
27175
27200
27225
27250
27275
27300
27325
27350
27375
27400
27425
27450
27475
27500
27525
27550
27575
27600
27625
27650
27675
27700
27725
27750
27775
27800
27825
27850
27875
27900
27925
27950
27975
28000
elapsed:  12953.1  seconds
28025
28050
28075
28100
28125
28150
28175
28200
28225
28250
28275
28300
28325
28350
28375
28400
28425
28450
28475
28500
28525
28550
28575
28600
28625
28650
28675
28700
28725
28750
28775
28800
28825
28850
28875
28900
28925
28950
28975
29000
elapsed:  13410.8  seconds
29025
29050
29075
29100
29125
29150
29175
29200
29225
29250
29275
29300
29325
29350
29375
29400
29425
29450
29475
29500
29525
29550
29575
29600
29625
29650
29675
29700
29725
29750
29775
29800
29825
29850
29875
29900
29925
29950
29975
elapsed:  13870.1  seconds
/data/accounts/shi/projects/GEV_simulation/model_sim.py:669: RuntimeWarning: invalid value encountered in true_divide
  return res/np.sum(res)
/data/accounts/shi/projects/GEV_simulation/model_sim.py:669: RuntimeWarning: invalid value encountered in true_divide
  return res/np.sum(res)
/data/accounts/shi/projects/GEV_simulation/model_sim.py:669: RuntimeWarning: invalid value encountered in true_divide
  return res/np.sum(res)
/data/accounts/shi/projects/GEV_simulation/model_sim.py:669: RuntimeWarning: invalid value encountered in true_divide
  return res/np.sum(res)
/data/accounts/shi/projects/GEV_simulation/model_sim.py:669: RuntimeWarning: invalid value encountered in true_divide
  return res/np.sum(res)
/data/accounts/shi/projects/GEV_simulation/model_sim.py:669: RuntimeWarning: invalid value encountered in true_divide
  return res/np.sum(res)
/data/accounts/shi/projects/GEV_simulation/model_sim.py:669: RuntimeWarning: invalid value encountered in true_divide
  return res/np.sum(res)
/data/accounts/shi/projects/GEV_simulation/model_sim.py:669: RuntimeWarning: invalid value encountered in true_divide
  return res/np.sum(res)
total time:  13871.6  seconds
/data/accounts/shi/projects/GEV_simulation/model_sim.py:669: RuntimeWarning: invalid value encountered in true_divide
  return res/np.sum(res)
/data/accounts/shi/projects/GEV_simulation/model_sim.py:669: RuntimeWarning: invalid value encountered in true_divide
  return res/np.sum(res)
/data/accounts/shi/.conda/envs/emulator4/lib/python3.8/site-packages/numpy/lib/function_base.py:2387: RuntimeWarning: divide by zero encountered in func (vectorized)
  outputs = ufunc(*inputs)
/data/accounts/shi/.conda/envs/emulator4/lib/python3.8/site-packages/numpy/lib/function_base.py:2387: RuntimeWarning: invalid value encountered in func (vectorized)
  outputs = ufunc(*inputs)
/data/accounts/shi/projects/GEV_simulation/model_sim.py:669: RuntimeWarning: invalid value encountered in true_divide
  return res/np.sum(res)
/data/accounts/shi/projects/GEV_simulation/model_sim.py:669: RuntimeWarning: invalid value encountered in true_divide
  return res/np.sum(res)
/data/accounts/shi/projects/GEV_simulation/model_sim.py:669: RuntimeWarning: invalid value encountered in true_divide
  return res/np.sum(res)
/data/accounts/shi/.conda/envs/emulator4/lib/python3.8/site-packages/numpy/lib/function_base.py:2387: RuntimeWarning: divide by zero encountered in func (vectorized)
  outputs = ufunc(*inputs)
/data/accounts/shi/.conda/envs/emulator4/lib/python3.8/site-packages/numpy/lib/function_base.py:2387: RuntimeWarning: invalid value encountered in func (vectorized)
  outputs = ufunc(*inputs)
/data/accounts/shi/projects/GEV_simulation/model_sim.py:669: RuntimeWarning: invalid value encountered in true_divide
  return res/np.sum(res)
/data/accounts/shi/projects/GEV_simulation/model_sim.py:669: RuntimeWarning: invalid value encountered in true_divide
  return res/np.sum(res)
/data/accounts/shi/projects/GEV_simulation/model_sim.py:669: RuntimeWarning: invalid value encountered in true_divide
  return res/np.sum(res)
/data/accounts/shi/projects/GEV_simulation/model_sim.py:669: RuntimeWarning: invalid value encountered in true_divide
  return res/np.sum(res)
/data/accounts/shi/projects/GEV_simulation/model_sim.py:669: RuntimeWarning: invalid value encountered in true_divide
  return res/np.sum(res)
/data/accounts/shi/projects/GEV_simulation/model_sim.py:669: RuntimeWarning: invalid value encountered in true_divide
  return res/np.sum(res)
/data/accounts/shi/.conda/envs/emulator4/lib/python3.8/site-packages/numpy/lib/function_base.py:2387: RuntimeWarning: divide by zero encountered in func (vectorized)
  outputs = ufunc(*inputs)
/data/accounts/shi/.conda/envs/emulator4/lib/python3.8/site-packages/numpy/lib/function_base.py:2387: RuntimeWarning: invalid value encountered in func (vectorized)
  outputs = ufunc(*inputs)
/data/accounts/shi/projects/GEV_simulation/model_sim.py:669: RuntimeWarning: invalid value encountered in true_divide
  return res/np.sum(res)
/data/accounts/shi/projects/GEV_simulation/model_sim.py:669: RuntimeWarning: invalid value encountered in true_divide
  return res/np.sum(res)
/data/accounts/shi/.conda/envs/emulator4/lib/python3.8/site-packages/numpy/lib/function_base.py:2387: RuntimeWarning: divide by zero encountered in func (vectorized)
  outputs = ufunc(*inputs)
/data/accounts/shi/.conda/envs/emulator4/lib/python3.8/site-packages/numpy/lib/function_base.py:2387: RuntimeWarning: invalid value encountered in func (vectorized)
  outputs = ufunc(*inputs)
/data/accounts/shi/projects/GEV_simulation/model_sim.py:669: RuntimeWarning: invalid value encountered in true_divide
  return res/np.sum(res)
/data/accounts/shi/projects/GEV_simulation/model_sim.py:669: RuntimeWarning: invalid value encountered in true_divide
  return res/np.sum(res)
/data/accounts/shi/projects/GEV_simulation/model_sim.py:669: RuntimeWarning: invalid value encountered in true_divide
  return res/np.sum(res)
/data/accounts/shi/projects/GEV_simulation/model_sim.py:669: RuntimeWarning: invalid value encountered in true_divide
  return res/np.sum(res)
/data/accounts/shi/projects/GEV_simulation/model_sim.py:669: RuntimeWarning: invalid value encountered in true_divide
  return res/np.sum(res)
/data/accounts/shi/projects/GEV_simulation/model_sim.py:669: RuntimeWarning: invalid value encountered in true_divide
  return res/np.sum(res)
/data/accounts/shi/projects/GEV_simulation/model_sim.py:669: RuntimeWarning: invalid value encountered in true_divide
  return res/np.sum(res)
/data/accounts/shi/projects/GEV_simulation/model_sim.py:669: RuntimeWarning: invalid value encountered in true_divide
  return res/np.sum(res)
/data/accounts/shi/projects/GEV_simulation/model_sim.py:669: RuntimeWarning: invalid value encountered in true_divide
  return res/np.sum(res)
/data/accounts/shi/.conda/envs/emulator4/lib/python3.8/site-packages/numpy/lib/function_base.py:2387: RuntimeWarning: divide by zero encountered in func (vectorized)
  outputs = ufunc(*inputs)
/data/accounts/shi/.conda/envs/emulator4/lib/python3.8/site-packages/numpy/lib/function_base.py:2387: RuntimeWarning: invalid value encountered in func (vectorized)
  outputs = ufunc(*inputs)
/data/accounts/shi/projects/GEV_simulation/model_sim.py:669: RuntimeWarning: invalid value encountered in true_divide
  return res/np.sum(res)
true R:  [[1.06537568e+00 9.62798142e+00 1.62053386e+02 4.00970018e-01
  6.84752573e-02 4.29890628e+00 1.02874779e+01 1.39310503e+00
  2.69109698e+00 4.63734633e+00 1.32672366e+00 1.01932198e+00
  2.81658845e+00 3.23104586e+00 2.34342370e+00 1.89441369e-01
  5.69435923e-01 3.13593566e+02 9.80135127e+00 2.79956740e+03
  5.19567592e+00 4.58361419e-01 2.95617845e-01 4.93801011e+01
  2.89280622e+00 2.27392350e+00 1.26616971e+01 4.30682772e+00
  1.54925243e+02 5.05402357e-01 2.94982851e-01 7.00317544e+01]
 [2.52626129e+00 3.08405263e+01 4.46329426e-01 1.05415170e-01
  7.23545980e-01 2.24978601e+01 2.94854550e+00 7.44240399e-01
  5.14832976e+00 9.83033548e-01 2.77267388e+00 1.74325133e+00
  1.63400891e+00 2.30377133e+00 4.19702709e-01 1.59748765e-01
  6.41886925e-01 1.22586417e+02 6.80036153e-01 3.59622070e+00
  1.37763517e+01 2.15102657e+00 4.04113585e+02 4.05766178e+01
  2.58496897e-01 4.33023866e+00 5.38882553e-01 1.85676664e-01
  3.33459187e-01 2.69663415e-01 5.78911099e-01 2.50048724e+00]
 [3.48127219e+00 2.38195136e+01 1.17687754e+00 1.57374903e+00
  6.85326675e+00 7.03681990e-01 2.92566782e+00 1.31831292e-01
  1.18487727e-01 6.92408001e-01 8.62493031e-01 9.14131396e-02
  1.36790230e-01 4.35250326e-01 4.77971965e+00 3.62107286e-01
  1.11699857e+00 1.96566327e-01 7.11544544e-01 3.19606683e+00
  1.15427508e+00 1.31068195e-01 1.25053789e+01 3.07873895e+00
  1.37822164e+00 1.06353755e+01 4.10358994e-01 2.76965252e-01
  4.41008511e+01 1.47124908e+02 3.77872380e+03 3.66274979e-01]
 [2.53525250e+00 2.32283706e+00 2.30423016e+01 2.66990671e+00
  1.19739989e-01 2.03986295e+04 7.70020943e-01 1.35291025e+00
  2.32734361e+00 4.26557544e+01 3.86893391e+00 1.99169070e-01
  2.04595882e-01 3.24796709e-01 8.78218218e-01 4.01643204e+01
  2.71879736e-01 1.74196275e-01 1.01768066e+00 4.17541250e+00
  3.33775066e+00 3.93845026e-01 3.19776651e-01 2.72202660e-01
  8.95198794e-02 7.93736494e+02 3.34897305e+00 1.35204603e+00
  6.91286737e-01 2.65798880e+00 1.78333327e-01 9.32009539e+02]
 [4.74661689e-01 4.06302427e+01 3.67935447e+00 1.06325823e+00
  3.08414676e+04 1.41382485e+00 3.20664599e-01 5.36598478e+00
  1.43855336e-01 1.89894735e+00 2.82609948e+00 3.42405064e-01
  5.50514136e-01 1.51332350e-01 6.45260931e+01 2.70783023e+00
  2.74829124e+02 7.85159839e-01 1.29870378e+04 6.48321619e-01
  4.48138618e+00 7.05455238e-01 4.24695769e+02 1.86059829e-01
  1.22405835e-01 1.36521221e+03 4.36110291e-01 1.81358805e-01
  2.86399651e-01 1.08177972e+00 7.76523444e-01 1.05978947e-01]
 [5.77695313e+00 1.92653788e+01 9.37284661e+01 9.45769936e+00
  6.13883726e-01 4.64311459e-01 7.01133599e+00 5.74309508e+00
  5.16801057e-01 1.06787700e+00 3.37794410e+00 5.06477988e+00
  5.44671990e+00 2.24729432e+02 5.02323733e-01 2.85053968e-01
  4.75558001e+00 2.89327524e+00 9.81302588e-01 5.51639531e-01
  8.48020142e+00 6.10775791e+02 1.90209796e+00 3.91874085e-01
  3.73222340e+02 1.14259645e+00 6.25588635e-01 1.78051033e+00
  3.35198071e-01 4.38269271e-01 2.87886198e+00 1.59151353e+00]
 [1.63139395e-01 2.44686158e+02 1.94440848e-01 5.55392264e-01
  2.95179388e+00 3.92220345e-01 1.42093849e+00 1.23246758e+01
  1.40104807e-01 1.61207186e+00 1.94523671e+00 4.29869180e+02
  3.95138010e+00 1.38187049e+00 4.00613405e-01 2.40036683e+01
  7.03197534e+00 4.52158591e-01 1.06753068e+00 3.96641349e-01
  5.69681250e-02 3.15074230e-01 2.17194245e+01 4.22477560e-01
  6.49825700e+00 2.99814286e+00 3.08882277e-01 1.62859674e+01
  1.09189631e+01 2.18885530e+01 3.25980528e+00 2.45411539e+01]
 [6.49732272e+01 4.64336534e+01 1.32237745e-01 2.15342445e-01
  3.66984619e+00 2.36793073e+00 1.37689098e-01 1.28390899e+01
  4.47041278e-01 2.99083723e+01 1.88931565e+00 2.97596236e+02
  1.26173919e-01 2.05793163e+00 5.05435259e-01 3.10831379e-01
  8.96885937e+03 2.30825777e+01 1.74752336e+00 4.61155467e-01
  9.28123060e-01 3.09120374e+00 3.20015482e+00 7.50588145e+01
  1.56988382e+00 5.43896328e-01 5.62424277e-01 8.67618348e-01
  1.13621834e+00 7.28222848e-01 2.48876180e+00 7.52090096e-01]
 [2.15222991e-01 9.17390004e-02 1.85661280e+00 5.23568562e-01
  3.28214925e-01 1.63082526e+00 3.19203888e+00 5.67758713e-01
  1.54472067e+00 9.06496027e-01 2.35556779e+02 5.81945389e-01
  2.88294323e-01 1.53616506e-01 1.16245151e+01 1.84746074e-01
  2.79008104e-01 4.04227624e-01 5.65889722e+00 1.84654712e+00
  1.47536336e+00 3.55470763e-01 1.80102323e+01 3.59807418e-01
  4.06000216e+00 4.81778895e-01 1.19137224e+00 3.58984111e+00
  8.85158645e+00 8.93732017e-01 2.18227917e+00 3.88365165e-01]]
/data/accounts/shi/projects/GEV_simulation/model_sim.py:669: RuntimeWarning: invalid value encountered in true_divide
  return res/np.sum(res)
