1
100
200
300
400
500
600
700
800
900
1000
elapsed:  3015.7  seconds
1100
1200
1300
1400
1500
1600
1700
1800
1900
2000
elapsed:  6155.5  seconds
2100
2200
2300
2400
2500
2600
2700
2800
2900
3000
elapsed:  9329.5  seconds
3100
3200
3300
3400
3500
3600
3700
3800
3900
4000
elapsed:  12438.2  seconds
4100
4200
4300
4400
4500
4600
4700
4800
4900
5000
elapsed:  15605.7  seconds
5100
5200
5300
5400
5500
5600
5700
5800
5900
6000
elapsed:  18692.0  seconds
6100
6200
6300
6400
6500
6600
6700
6800
6900
7000
elapsed:  21717.8  seconds
7100
7200
7300
7400
7500
7600
7700
7800
7900
8000
elapsed:  24799.5  seconds
8100
8200
8300
8400
8500
8600
8700
8800
8900
9000
elapsed:  27915.9  seconds
9100
9200
9300
9400
9500
9600
9700
9800
9900
elapsed:  31044.7  seconds
/data/accounts/shi/.conda/envs/emulator4/lib/python3.8/site-packages/numpy/lib/function_base.py:2387: RuntimeWarning: divide by zero encountered in func (vectorized)
  outputs = ufunc(*inputs)
/data/accounts/shi/.conda/envs/emulator4/lib/python3.8/site-packages/numpy/lib/function_base.py:2387: RuntimeWarning: invalid value encountered in func (vectorized)
  outputs = ufunc(*inputs)
total time:  31047.8  seconds
true R:  [[3.73615852e+00 1.59054615e+00 3.22951472e-01 3.91169229e-01
  1.63452574e+00 3.68624694e-01 3.77724359e+01 6.41342468e+00
  4.95180991e-01 8.72927972e+00 1.74378799e-01 8.72640483e+02
  1.07868143e+00 3.37070455e+00 1.03987999e+00 2.18326013e-01
  8.07444014e+00 9.77722654e-01 6.57197587e+01 4.51121496e+02
  4.70973801e-01 3.01132548e-01 7.12840810e-02 5.04774013e-01
  3.15548062e-01 5.22253256e+00 3.67462851e-01 2.49471541e+00
  9.07185267e+00 4.08333374e-01 2.36863390e+00 4.09200830e-01]
 [1.46640707e+01 3.05307398e+00 3.73871300e-01 1.77379796e-01
  1.06797629e+01 1.85988939e+00 3.51543959e-01 8.04062764e-01
  3.55577451e+00 6.80174663e+00 5.73994204e+02 3.96388102e-01
  1.11845866e+00 2.43398285e-01 3.90486072e-01 2.48272145e-01
  9.42944035e+02 3.12868768e-01 2.05693977e+00 3.04394761e+00
  6.84286777e-01 8.67385130e-01 2.90976883e+00 8.72390868e+00
  2.01963327e+01 2.95657236e+01 4.93303990e+00 1.43715675e+02
  3.09228260e+00 4.45549131e-01 1.34493655e+01 5.98744217e+00]
 [2.71549862e-01 4.31800883e-01 4.76165032e+01 4.95100513e+00
  5.96948575e+00 1.16239319e-01 3.68678402e+00 1.20544127e-01
  1.31053823e+03 4.01616447e-01 2.67379423e-01 2.16769567e-01
  1.99055048e-01 2.91926518e+01 3.36270362e+00 2.65816621e-01
  3.16398914e+03 6.48354222e-01 5.47937061e+00 2.12551482e+00
  4.65175138e-01 1.22834130e+02 1.41651389e+00 1.85923110e+01
  8.16043599e-01 5.21712230e+00 4.14975513e-01 5.28160702e+00
  2.55570418e+00 2.95390254e-01 3.02064796e+02 3.34021779e-01]
 [7.99943784e-01 2.15625914e+01 1.88544337e+00 5.13486060e-01
  1.54634467e-01 1.54521161e+00 2.98713042e-01 1.12336626e+00
  1.35799679e-01 3.66879154e+00 8.33445868e-01 5.39452048e-02
  3.29606772e-01 1.30829658e+00 4.82652425e-02 2.45712572e+00
  7.38697917e-02 2.22470047e+00 4.07206596e-01 3.04582590e+00
  1.03420747e+00 3.78297350e-01 1.08767675e+00 4.92693494e-01
  4.08954338e-01 2.94781032e-01 3.92375250e+00 3.03116963e-01
  1.96036089e+00 6.31820938e+00 1.51501902e+00 1.28947349e-01]
 [6.75598601e-01 7.45078179e-01 1.28032805e+01 2.36910327e-01
  1.94549197e+00 1.28512806e+01 1.19542235e+01 1.83347478e-01
  4.89610037e-01 1.31240276e+00 2.58415227e+00 6.03016290e-01
  2.52727604e+00 1.90688751e+01 2.18995330e-01 1.25570060e-01
  5.53589982e+01 6.01838380e-01 4.90710416e-01 4.11557092e+01
  4.44319417e-01 1.59105509e+01 9.72504558e-01 2.26282861e+03
  1.33838061e+01 1.75225456e+00 1.72513724e+01 2.08208665e+00
  3.29157438e-01 9.59814773e-01 1.25592770e+00 8.12882350e-01]
 [1.23161885e+00 5.59302054e-01 2.11929985e-01 9.39325788e-01
  2.87496073e+00 7.54623788e-02 2.33157131e+00 7.82853361e-01
  1.72060613e-01 3.46005363e-01 1.15653153e-01 1.22678925e-01
  5.85416566e+00 3.99445684e+00 1.82032078e-01 3.68672184e+02
  8.24871619e-01 2.38446638e-01 3.28424636e-01 8.51719148e-01
  8.24098380e-01 1.10131839e+01 6.97528025e+00 9.94599900e+00
  8.92522481e-01 2.18295993e+00 6.05729979e+00 2.02065319e+01
  1.83454102e+02 6.77230537e+00 3.78850717e+00 1.84472584e+00]
 [1.27772006e+00 1.29036459e+00 2.26523456e+00 1.86165029e+00
  1.60704541e-01 9.05871268e+00 3.26382861e-01 2.42319910e+00
  8.21392212e-02 7.96994698e+01 5.39247844e+00 6.78371827e+00
  1.31016020e-01 3.06559901e+01 2.16093495e+04 4.91381393e+01
  3.47805932e-01 3.75406834e-01 4.24246183e+01 2.15916626e-01
  4.12150423e-01 1.09351360e+01 8.34085313e-01 1.49843912e+01
  6.16821629e-01 4.05319618e-01 2.11222417e+00 5.44806244e-01
  4.52295755e-01 1.29508483e+00 4.69684155e+01 1.15102275e-01]
 [1.90345609e+00 7.44572067e-01 6.12524901e-01 1.93990564e-01
  1.07415319e+00 5.58961737e-01 7.96898523e-01 1.76539977e-01
  3.42278522e+00 3.03526237e+00 6.44076992e+00 1.76394151e-01
  5.49159302e+00 5.39474976e-01 2.66014303e-01 1.11373880e+01
  1.53838400e-01 2.02740635e-01 2.14369590e+00 2.05449107e-01
  1.65374867e-01 1.99300365e+00 2.55815759e+00 2.53761341e-01
  5.81199343e-01 2.73860953e+01 4.35032860e+00 1.59221112e+00
  4.04668732e+02 7.32015583e-01 1.64846483e+00 5.34767435e-01]
 [1.52765473e+00 9.42189512e-01 1.38032407e-01 4.62824477e-01
  4.39716956e+01 4.22652127e-02 1.13988511e-01 7.92171592e+01
  5.40214646e-02 2.35824231e+00 7.16567155e-01 2.33841807e+00
  1.47482804e+00 5.32587087e-01 2.31068604e-01 1.66911891e+00
  1.67367468e+00 4.02910313e-01 2.04233006e+00 9.01020283e-01
  7.85208626e-01 8.62994341e-01 1.55043536e+01 6.01405526e+00
  1.87909426e-01 2.50041166e-01 1.19228849e+00 2.27980083e+00
  1.68525632e-01 2.21100511e+01 2.91942625e+00 6.09261811e-01]]
